	-120.7637895299367
	-0.37853456258541024
	-0.38661917845159977
	-0.312700247998374
	-0.37113105082395637
	-0.35138435827525133
	-0.3906401860752496
	-0.3513843620402042
	-0.3833775999357611
	-0.371131070424768
	-0.39225048093092035
	-0.35690884114768845
	-0.39706746503723866
	-0.32375521442191096
	-0.3776805935326366
	-0.3890441348894168
	-0.37931147958038675
	-0.3866192850891988
	-0.39466155759990557
	-0.3866192850888226
	-0.38904413488693995
	-0.43959969547094807
	-0.3827752360543855
	-0.43798410056204673
	-0.4460398985985986
	-0.4460398985985986
	-0.4591909390074556
	-0.4102767195964383
	-0.4268596179869044
	-0.4047482093300074
	-0.45020889761732014
	-0.4213324605037769
	-0.426859625332009
	-0.44692306994776143
	-0.4608161490626941
	-0.4559338791274422
	-0.4567491636513403
	-0.4473646481389219
	-0.45882977607930603
	-0.4531127441665615
	-0.46451084955223954
	-0.46451084955223954
	-0.4655688146536782
	-0.41183015291529235
	-0.4721319683512489
	-0.4835182982440212
	-0.48270901732626464
	-0.48716013647626144
	-0.49851576549001037
	-0.47729956682344
	-0.504152203815494
	-0.48060634670051405
	-0.4985157822563436
	-0.505757386161155
	-0.48959912669516786
	-0.48470367190417124
	-0.47647482592804247
	-0.48633804713063333
	-0.4871542712485877
	-0.478290346674821
	-0.5027076882038806
	-0.49544480995414486
	-0.4873170423220629
	-0.41605882503960195
	-0.48075863421844844
	-0.47664155156801674
	-0.501903097585432
	-0.4986787286054421
	-0.5010978898153746
	-0.4978867638633631
	-0.5222397709390663
	-0.5133743822352383
	-0.5222397455446033
	-0.52063313517038
	-0.5002211676100241
	-0.5067916457736137
	-0.5092447828882433
	-0.5108770014647042
	-0.49372993350364264
	-0.432686721159865
	-0.49864680487016033
	-0.5156472059984551
	-0.43268669473474164
	-0.49372972811659577
	-0.5059655685307114
	-0.49946251158579336
	-0.5124294680991431
	-0.5043435350059263
	-0.48961880349619624
	-0.5002775876398783
	-0.510817081275902
	-0.49290888599467836
	-0.504343535005995
	-0.504343535005995
	-0.4398337055135195
	-0.4785315610594755
	-0.5027150754885823
	-0.5221676217839528
	-0.499437802566074
	-0.510051287488974
	-0.5149140227278265
	-0.5181437473330067
	-0.5092386761233496
	-0.5132955543866501
	-0.5229706531067848
	-0.5221676206725222
	-0.5365444961019246
	-0.5112626486782247
	-0.5333110158794642
	-0.4610292275861431
	-0.5292627806851941
	-0.4942003881523711
	-0.5413628736689818
	-0.49972730345270944
	-0.5268264754295547
	-0.4776169005405318
	-0.5194835284479652
	-0.5112626664335632
	-0.5325025925494887
	-0.4776169005402817
	-0.499727303456787
	-0.472088146303249
	-0.5153814439908756
	-0.46102923047740413
	-0.5203019772294102
	-0.5194835284490507
	-0.5023168243320983
	-0.5023168243320983
	-0.5112262578683934
	-0.5030773119079053
	-0.5185002261450893
	-0.5120361734249245
	-0.5201102899670027
	-0.5209144496088437
	-0.5350910129300085
	-0.543154024538237
	-0.5029419560075045
	-0.5447597287447303
	-0.5228799130337596
	-0.4974148771599382
	-0.5342805282517334
	-0.4642427792832164
	-0.4531816517407171
	-0.5220607954405163
	-0.532659369739626
	-0.5383228184889809
	-0.5220607954361024
	-0.5220607954361024
	-0.492562267211957
	-0.5097273990445573
	-0.49907717094098025
	-0.4974293402826071
	-0.4582219770029748
	-0.5028697381877975
	-0.49796641984888557
	-0.5166326781277262
	-0.5077481957052299
	-0.5109873143672408
	-0.5158279668618279
	-0.5077481954020032
	-0.4692744218198913
	-0.4692744218198913
	-0.4785739874241296
	-0.5029124308058446
	-0.5029124308058446
	-0.5484667144825875
	-0.5346910327394041
	-0.5492715186103295
	-0.5289660193564455
	-0.48135315951673924
	-0.5516827804114517
	-0.5265026766751373
	-0.5444331195181344
	-0.5516827802228668
	-0.47582351199321615
	-0.5411955742020217
	-0.5395731426091439
	-0.5102653670635958
	-0.5331028946074093
	-0.521746766781028
	-0.5298705428825143
	-0.5403412844172335
	-0.5395393334724486
	-0.5519813240570439
	-0.5543914689599317
	-0.5390404496483078
	-0.5365964346937924
	-0.5374117404215085
	-0.46002202753891897
	-0.5135493830242175
	-0.5330779373961715
	-0.5257968718419554
	-0.5346893761612636
	-0.5184657406834463
	-0.49318845000190653
	-0.5274191375375327
	-0.5209151500304842
	-0.5395097157783235
	-0.5306563468918563
	-0.5176479840441652
	-0.4544932945816398
	-0.5338839533233957
	-0.4489635438344415
	-0.5298479521690493
	-0.5143704393900964
	-0.46002257084283965
	-0.5119053485436109
	-0.5160105215967716
	-0.49318845001210737
	-0.5110635904733947
	-0.5110823141310769
	-0.5110546468095779
	-0.5036800576331281
	-0.5199871444556098
	-0.50696227807895
	-0.5045016310486597
	-0.5086060187072178
	-0.5167478145399317
	-0.43280022420382047
	-0.5159364514232361
	-0.4936030011367332
	-0.5094169985327389
	-0.47149935312320207
	-0.4438594722381818
	-0.4825520792663472
	-0.5110551932124823
	-0.5167478145501667
	-0.5272406637149667
	-0.47702594335379794
	-0.516747814549037
	-0.5094230514267464
	-0.5143118687784444
	-0.5102394418802028
	-0.4880777641085538
	-0.5199871489074371
	-0.5036800830988688
	-0.5094169985320068
	-0.5061427260059486
	-0.5036800830985854
	-0.5134986432289494
	-0.5012113970056774
	-0.4659723052986046
	-0.5036800830997837
	-0.4825520792654135
	-0.5053225111488898
	-0.4549168237313307
	-0.5143118687802162
	-0.5264370634539358
	-0.5240227727065963
	-0.5248281208079093
	-0.5508650562608287
	-0.5041703898492653
	-0.5427664758992571
	-0.5508606525058318
	-0.5516667705259604
	-0.4947557565685387
	-0.5168656224258754
	-0.4781691432948081
	-0.5296335605703093
	-0.5262994056397279
	-0.5580869475236595
	-0.5168656745616406
	-0.5548729206197998
	-0.5378419183185298
	-0.46710881145839517
	-0.5345665002065835
	-0.5484167029150574
	-0.47263921990803653
	-0.47263921990803653
	-0.4817767347846532
	-0.47855851770548347
	-0.4582203578211617
	-0.4809732223597733
	-0.46558789104673015
	-0.4761385113509726
	-0.3887855408293437
	-0.38325875772202384
	-0.4825800739413698
	-0.45507096604386293
	-0.4440278873494176
	-0.45507096604175684
	-0.47371304593727676
	-0.4849860033854042
	-0.4647718904609507
	-0.4573984345953834
	-0.48177694034716434
	-0.47694578871622334
	-0.4590416202856864
	-0.48338262707995866
	-0.4329830462969895
	-0.4801689203936778
	-0.4801689203936778
	-0.561890782344723
	-0.5440818496103151
	-0.5448978445033914
	-0.5251579820928561
	-0.5357072294974075
	-0.5186134328810746
	-0.500451039305195
	-0.5267879504015
	-0.5004510403504042
	-0.4728160206155208
	-0.5227087622984121
	-0.5251581867380193
	-0.5059766873665759
	-0.4562294628183631
	-0.5373210699144221
	-0.5381270884840258
	-0.5322286540357135
	-0.556588080012349
	-0.5428530644773863
	-0.5549811062108003
	-0.5110599436510191
	-0.5110599436510191
	-0.5189165345814871
	-0.4291391157920322
	-0.4961932943944695
	-0.5165209890866437
	-0.5157152962053649
	-0.5435452936122417
	-0.5337031005238209
	-0.498121894922124
	-0.5565259897200867
	-0.5328785958540325
	-0.5353501015175091
	-0.4815343457509104
	-0.5541040123074416
	-0.4760042243211042
	-0.5361725908477724
	-0.5524863649423806
	-0.5402750875838709
	-0.5557192592708595
	-0.5605508304395461
	-0.5419115021823003
	-0.5468053542047588
	-0.4760042243189809
	-0.5036501525952701
	-0.5386360661353581
	-0.5508662936222012
	-0.5337031072710611
	-0.5186056141073159
	-0.5516766337548782
	-0.5500553415650695
	-0.5346055849089417
	-0.548401716601448
	-0.5435526708760839
	-0.5386817177675041
	-0.5053028595579903
	-0.5329703658619357
	-0.5108292919156534
	-0.5540320185100357
	-0.4887208401343933
	-0.5313327603667415
	-0.49424863670921937
	-0.5264041248856675
	-0.5548340429193805
	-0.5532294226973853
	-0.5547750392315994
	-0.5433549758089037
	-0.5620519921743544
	-0.5523381477428886
	-0.5083397848859221
	-0.5193950800911262
	-0.5547748307393695
	-0.508339784657821
	-0.5515246743289245
	-0.5660741114290809
	-0.5660741114290809
	-0.5648101019204551
	-0.562393108391854
	-0.5037410677533637
	-0.5428601507487536
	-0.5453218213983919
	-0.5297566426058254
	-0.5412157169435587
	-0.5518576789296356
	-0.47056146992736575
	-0.5502275582546506
	-0.5518576789292556
	-0.5272165444460221
	-0.5443652124002502
	-0.5427439830298709
	-0.5405826736151453
	-0.5339317633276229
	-0.5023945279451892
	-0.5079220072234295
	-0.5495758832886994
	-0.5284007728760352
	-0.5438595797462088
	-0.550389952920849
	-0.5023945379505723
	-0.4913382178565301
	-0.5487611840826406
	-0.5389345049485675
	-0.5339317800009383
	-0.5576887153746941
	-0.5544509522954502
	-0.5430403821996285
	-0.5584966480521113
	-0.4636892262077456
	-0.5438595797557264
	-0.5560710462070516
	-0.5520162130300804
	-0.5463132734245674
	-0.5641356130249319
	-0.5471298820641867
	-0.55607104620372
	-0.5584966480519553
	-0.5134490253427796
	-0.5339317800006587
	-0.5665435969137216
	-0.5284007729295902
	-0.5487611840796996
	-0.5487611840796996
	-0.5608732169830266
	-0.5600688803720657
	-0.5563555731554233
	-0.5530825700365092
	-0.5636831387940303
	-0.5514420864798084
	-0.5563557778500469
	-0.486140342539867
	-0.5489763552893719
	-0.569347642610986
	-0.5701544552848834
	-0.5370829999364068
	-0.5629465015354248
	-0.5653741091115734
	-0.547441105409983
	-0.49448123325566956
	-0.5507247192724856
	-0.5694081228838195
	-0.5694081228838195
	-0.550722367928542
	-0.5645960125275216
	-0.5453533111824143
	-0.5531843503279904
	-0.5645960386959822
	-0.571868223454291
	-0.5540036297945068
	-0.5540036297945068
	-0.5579201577930842
	-0.5482433757255286
	-0.5555090633949143
	-0.5498621818354517
	-0.5514785507462858
	-0.5532317158923039
	-0.5573281534689734
	-0.5130404280229415
	-0.5687220996094353
	-0.5532285364349513
	-0.5581461445234501
	-0.5622263652712453
	-0.5130404380047676
	-0.47986365087841854
	-0.5614115939346632
	-0.5581461445823942
	-0.5711479180258111
	-0.5499368811473522
	-0.5335228979688111
	-0.5507608032221478
	-0.49092445705498455
	-0.5445861604974265
	-0.5783934208888644
	-0.5130404380065796
	-0.5679122874827536
	-0.5185682793399201
	-0.5735683580061872
	-0.5775906892033333
	-0.5296226002820326
	-0.507512138404463
	-0.5532285367673171
	-0.5759834998149049
	-0.5719553248572026
	-0.5581461445787935
	-0.5743739901160416
	-0.5687221014783693
	-0.571955324856333
	-0.5679122874813058
	-0.5019833772465968
	-0.5548703640012587
	-0.5783934208881023
	-0.5589634676835608
	-0.5499368811470287
	-0.5638540202637639
	-0.5532285367652773
	-0.5767873831222049
	-0.47986365087758215
	-0.5130404380069667
	-0.5654791785641963
	-0.5767873831241338
	-0.5240956656767332
	-0.5735683580055018
	-0.49645415123529407
	-0.5296226002835155
	-0.5507608032241447
	-0.5783934208877775
	-0.574373990116573
	-0.5719553248562087
	-0.5565095581886773
	-0.5589634676830344
	-0.5646669099842305
	-0.5515840510332115
	-0.47986365087770355
	-0.4853942913826545
	-0.5759834998174239
	-0.5646669099869192
	-0.5019833772472214
	-0.5751790364310162
	-0.5296226002841061
	-0.5719553248576833
	-0.5638540202643704
	-0.5581461445791603
	-0.5679122874818059
	-0.5548703639999851
	-0.563040506374234
	-0.5390547270689217
	-0.549936881147876
	-0.5556902886436957
	-0.47986365087818783
	-0.5671018643178255
	-0.5767873831247171
	-0.5581461445794067
	-0.57033991380467
	-0.5565095581892053
	-0.5687221014784716
	-0.5540497810990271
	-0.5711479180250599
	-0.5532285367649642
	-0.5515840510331319
	-0.5215128491328183
	-0.5349948626810032
	-0.5215130659293113
	-0.5366377743278664
	-0.5349948912118601
	-0.5588864272514581
	-0.5564736720759226
	-0.4550675530239218
	-0.5564737039282799
	-0.540248670613351
	-0.5516318528678087
	-0.5426982847192818
	-0.5048248170286809
	-0.5572786147102888
	-0.5435135465189637
	-0.5402486708910392
	-0.5556682103941297
	-0.5426982847314595
	-0.47718656044405794
	-0.5426982847332632
	-0.5410658500112424
	-0.5646940665106023
	-0.5622846928321911
	-0.5638916952606352
	-0.5289558279862215
	-0.5731574308711351
	-0.578805333136511
	-0.5723482341230929
	-0.5609540347773171
	-0.4791900076694732
	-0.5682929426415191
	-0.5625893644662489
	-0.5731574639491979
	-0.558496168109883
	-0.5658523388459851
	-0.48472145335998745
	-0.5699169017846526
	-0.5812170581842754
	-0.5707279573604295
	-0.5535625790183392
	-0.5723482354749354
	-0.5804137300710891
	-0.5576755671220925
	-0.5682929426512396
	-0.5609540350577978
	-0.5674800330878994
	-0.565037548083841
	-0.538392500936939
	-0.5642221241511237
	-0.5576755671234231
	-0.5568543048533928
	-0.5347718388114244
	-0.5421325369155984
	-0.5478218076962237
	-0.5558975441345024
	-0.5323068206500192
	-0.538867713501972
	-0.47024396299983195
	-0.5494417609378739
	-0.5331292464843452
	-0.5575056074107876
	-0.5396848879593545
	-0.5413173130556501
	-0.5473559650854329
	-0.4700667396059906
	-0.5481733060817003
	-0.5652435133806532
	-0.48665626894864195
	-0.525348920021818
	-0.5555228090616452
	-0.48665626919819965
	-0.554708746994141
	-0.5603941223340653
	-0.5668552175525123
	-0.5547087469918819
	-0.5440674881451057
	-0.562821518713023
	-0.5448899818453632
	-0.5481733135638093
	-0.49218516734781315
	-0.5308746366356218
	-0.544067488148202
	-0.5498110380498834
	-0.4811269033981599
	-0.5489925016248027
	-0.5530787299357036
	-0.5253489200636886
	-0.5587728186139073
	-0.5142961494531461
	-0.5700716197514527
	-0.5530787299340741
	-0.5403079699512602
	-0.49771360115700475
	-0.5481733135656375
	-0.5465329699437252
	-0.5351688141610969
	-0.540875976177294
	-0.5335332569977643
	-0.5554120511196287
	-0.5294140577260048
	-0.5457429492682351
	-0.5310740609682584
	-0.5294140577273444
	-0.5449333225462176
	-0.5505880902266628
	-0.4690374383538335
	-0.5187871875025966
	-0.5359865888950379
	-0.5554120511163496
	-0.5433122397873399
	-0.5132612592717066
	-0.4800961720308298
	-0.5505880902308575
	-0.5408759975822097
	-0.5497820544123146
	-0.5562140288522148
	-0.5335332568563466
	-0.5351694578629725
	-0.5401828263506998
	-0.5385640451848194
	-0.4781473392823719
	-0.5314512353039759
	-0.552625161957105
	-0.54615511171581
	-0.5223696009634574
	-0.5412768326820697
	-0.5278952217147793
	-0.5404615884271055
	-0.48920642336451264
	-0.5429054252310647
	-0.539645708091631
	-0.4947347612968927
	-0.5461551117196279
	-0.5314512354509697
	-0.5453436198555247
	-0.46708839517191586
	-0.46708839517191586
	-0.48077279923891786
	-0.4694596053879522
	-0.47513149724793463
	-0.46293967942754105
	-0.4799694529824119
	-0.449137479143231
	-0.4380939931104196
	-0.449137479145621
	-0.4325715865866569
	-0.47996945298444404
	-0.4670194059945172
	-0.47432306620370485
	-0.4645735044544365
	-0.4775531642838559
	-0.4791646161415971
	-0.5518630925268471
	-0.5518630925268471
	-0.5277593549717422
	-0.5326739847785056
	-0.5399881747949447
	-0.538367138047073
	-0.48852274839337606
	-0.4877076259077088
	-0.4504926086557272
	-0.4272744848913921
	-0.44968820173237783
	-0.4162216267135557
	-0.4601889727514017
	-0.46500168297034283
	-0.4291917851641012
	-0.4577747430254083
	-0.44235699694223535
	-0.4291917851676218
	-0.46259792703900454
	-0.4341491408346011
	-0.4308470182804058
	-0.4569688140057406
	-0.44235699694235714
	-0.452120584619377
	-0.4609925398423373
	-0.4407207454108013
	-0.45696881400413614
	-0.4496882011128083
	-0.4577747430222703
	-0.4272744735690668
	-0.44806349462349265
	-0.46420100386922536
	-0.4488761616330364
	-0.43990163336801463
	-0.4272744735717168
	-0.44806349462353395
	-0.43497295246505496
	-0.43497295246505496
	-0.4483325524602821
	-0.4491473492063132
	-0.453586227565751
	-0.46010701178378366
	-0.44867028322355085
	-0.46010698179623655
	-0.45440453539147235
	-0.46739366289796586
	-0.4714206597403018
	-0.45195095609965075
	-0.44867028326565694
	-0.4183385911321269
	-0.466586473450415
	-0.444554314330942
	-0.45113178357422984
	-0.4706164440721132
	-0.44042115701387186
	-0.4584808946279673
	-0.46416127214871006
	-0.4404211570148354
	-0.42386685510224864
	-0.45522109288551227
	-0.44620274157406914
	-0.4762337460872834
	-0.4665864734410029
	-0.4609190826754862
	-0.4478484449270097
	-0.4584808946268476
	-0.4527694701436055
	-0.4617305591364032
	-0.4576669022259004
	-0.4617305591356352
	-0.43959242660977316
	-0.4706164440738574
	-0.47543300410774125
	-0.47222428933424254
	-0.44949145034351906
	-0.46254141419714856
	-0.46254141419714856
	-0.452553653074546
	-0.452553653074546
	-0.4519626926530735
	-0.4543841811479131
	-0.45679663634634377
	-0.4357060996607932
	-0.41647528507913306
	-0.43734363430664347
	-0.4527729762802884
	-0.4438678106453405
	-0.42747821397204366
	-0.4316006283760558
	-0.4291292389378411
	-0.43160062837582436
	-0.4430545276178271
	-0.45599308199457683
	-0.41647528507608933
	-0.4511593491941864
	-0.4307775139297735
	-0.40542013609113575
	-0.43242306512418793
	-0.43077751393268293
	-0.3972482573278721
	-0.4208272581586842
	-0.3981019646563861
	-0.4070883621693171
	-0.4224320460972075
	-0.4062746460492957
	-0.3972810756872805
	-0.393990775510971
	-0.4062746460537651
	-0.40219645622505856
	-0.4030133857631662
	-0.39810676359440544
	-0.3884289686557098
	-0.40456014838160237
	-0.39005289512686303
	-0.39652450741334105
	-0.3802700617595675
	-0.39329359973679157
	-0.3819070028580608
	-0.38027006176188766
	-0.3753750051663115
	-0.36794365516469113
	-0.36959968704936014
	-0.370039337373883
	-0.39430948000404004
	-0.3659398671997705
	-0.38628043224931163
	-0.38305224817219313
	-0.3700401153378377
	-0.3773793580547627
	-0.3576883981614336
	-0.3618227640633362
	-0.3601711123479088
	-0.3712841777321921
	-0.35812607167112787
	-0.3866950727831542
	-0.3737331275362166
	-0.35729780709066167
	-0.35646883645767913
	-0.34230763635009587
	-0.34230763635009587
	-0.32674060132478566
	-0.3349170113465638
	-0.3486285667643465
	-0.31441895517764124
	-0.31690102427829736
	-0.314418955185007
	-0.32348945387146616
	-0.34139111503913766
	-0.3243099552336756
	-0.34139111503899605
	-0.3405839773307548
	-0.3232657653092668
	-0.35011108829088916
	-0.34124499799926694
	-0.33881425001857585
	-0.3282150253449736
	-0.3517152829967065
	-0.34770014216202105
	-0.35091342087221195
	-0.34205401317278616
	-0.34528398083983397
	-0.3468953505741186
	-0.3502037069477433
	-0.3485872439589138
	-0.32852357935640575
	-0.33672039767121603
	-0.33181063090603385
	-0.34647047797849556
	-0.33344985836837054
	-0.31859839910230264
	-0.3391664727633926
	-0.3268768081764432
	-0.3456614121702522
	-0.3521169527949583
	-0.33016873057471957
	-0.3293467700601402
	-0.3381526953400024
	-0.3038337264654546
	-0.3104612439136304
	-0.3268392979755517
	-0.33412563829866093
	-0.31622381889330237
	-0.3292736438665596
	-0.33493217439994816
	-0.34376507000299805
	-0.31622381889173995
	-0.33170239699379245
	-0.3373481908271587
	-0.3154026336299891
	-0.3170443328898469
	-0.32479017826415885
	-0.29716988637636715
	-0.31433140975213714
	-0.2913833016026032
	-0.306195125163959
	-0.29881679374341447
	-0.29634520960647925
	-0.30782749962769534
	-0.29963928894863207
	-0.32160084744124506
	-0.29138330160360687
	-0.31027122506301846
	-0.31352062774275113
	-0.3191831595221811
	-0.311084522932277
	-0.29138330160527964
	-0.30210272154984025
	-0.30701163688895694
	-0.31918315952319365
	-0.29716975733948714
	-0.31676004032818694
	-0.32561847186641424
	-0.29469403861073085
	-0.2913833016078809
	-0.30701163689061123
	-0.29881679374327175
	-0.3191831595244966
	-0.29469403861172805
	-0.3118971873038091
	-0.308642716495964
	-0.3021027215471639
	-0.3240131830578244
	-0.29634520960251004
	-0.30210272154908513
	-0.32240555014077604
	-0.3199896550484305
	-0.3110845229321586
	-0.30046110649467794
	-0.30292252548934023
	-0.3135206277438869
	-0.312709221221633
	-0.3458259251184186
	-0.32706776504918567
	-0.35545615025631894
	-0.3441919318170279
	-0.3360730263692923
	-0.3393281309628441
	-0.3562563551858949
	-0.322121637202061
	-0.31798064435450224
	-0.32871112775152783
	-0.3154875045535157
	-0.3311710209157709
	-0.3179806443531162
	-0.3179806443531162
	-0.3561810717126336
	-0.32692380115245356
	-0.33920354646467515
	-0.34892360317893195
	-0.3553552880995491
	-0.33675941728869824
	-0.34730973610677707
	-0.3269239345345918
	-0.3285698711343303
	-0.3336094872438439
	-0.329491824397613
	-0.3474960278993904
	-0.3336119161039343
	-0.3311419009722765
	-0.3253543241276271
	-0.35235245244321817
	-0.33525520012343596
	-0.3466844568559838
	-0.32452471205895433
	-0.3507361009714295
	-0.3611996659198935
	-0.36039830321657257
	-0.34855894490951084
	-0.3535317677840278
	-0.36176361944566915
	-0.36094347959612744
	-0.32785518384015255
	-0.35161938631113576
	-0.3270257880151545
	-0.35080903003042535
	-0.3612962743445775
	-0.34185343089346953
	-0.3344673238093576
	-0.3377567399773314
	-0.3588851209991166
	-0.34103541601491416
	-0.3556619505707795
	-0.3572747310780535
	-0.3623996659506853
	-0.3607916314736673
	-0.40137221658936123
	-0.37678507974409514
	-0.37678507974409514
	-0.3900370904766823
	-0.42753888562236175
	-0.4235007067112596
	-0.4291502776423352
	-0.4104730430031125
	-0.42430960156131964
	-0.4315625867254351
	-0.37893772553995536
	-0.399763905058229
	-0.41863437134764536
	-0.4071901618267942
	-0.3955187285410134
	-0.4355714760097742
	-0.42430960155742986
	-0.4121105010257586
	-0.406367763454016
	-0.4038964891982936
	-0.4096533231374336
	-0.4299549686361803
	-0.4153775785880398
	-0.4275391172970602
	-0.4194469856854927
	-0.42269119907371455
	-0.4178211265287927
	-0.4137453378462507
	-0.40472093039547175
	-0.4088329384521556
	-0.42430960156156156
	-0.4315625867254351
	-0.4047209303927603
	-0.40719016182886797
	-0.403071360522668
	-0.4259255664227272
	-0.40719016182565204
	-0.405544687394208
	-0.41076432102087873
	-0.409947825351709
	-0.42582582756548965
	-0.4053792153524469
	-0.42986670679049277
	-0.42825192486694375
	-0.41699094001437703
	-0.4512007552601633
	-0.4366761546639195
	-0.42359518642393934
	-0.4211235823683094
	-0.43097374558206325
	-0.4277010139154768
	-0.4366761546768768
	-0.41781846886866547
	-0.4285201814891042
	-0.4407304168275439
	-0.43748825001638086
	-0.4471855410207242
	-0.43505007842301313
	-0.44798975050510104
	-0.4301565441631287
	-0.4277010139156145
	-0.4455753521583771
	-0.44396278410523854
	-0.42575988056416764
	-0.4290487708970012
	-0.43970739594013136
	-0.4518710926661916
	-0.4405226960566736
	-0.4306959641227377
	-0.455895270100465
	-0.437257624868206
	-0.4356211874142283
	-0.39327923495034106
	-0.4072217316710699
	-0.41128130712802646
	-0.41209137421541103
	-0.4004330208800028
	-0.41336289411398996
	-0.3840946000269978
	-0.40531371129454746
	-0.4101502429588322
	-0.37996243690969783
	-0.39964344103718596
	-0.3980177601873279
	-0.3978279671860746
	-0.40912908775730994
	-0.3921305646578212
	-0.39620262827684727
	-0.3748468604688535
	-0.4042998290935875
	-0.39213056450127104
	-0.38229095273376
	-0.41073418716827786
	-0.3847598777109035
	-0.39538948920972333
	-0.39213056450260897
	-0.3806415859123578
	-0.4107341871685134
	-0.4091291210698517
	-0.4180977480983509
	-0.38864137385097225
	-0.38947140673843156
	-0.35936752198292543
	-0.3651459787073708
	-0.3733443940013887
	-0.37171000506321217
	-0.372996745670845
	-0.40718975113397804
	-0.3853347182029438
	-0.3779464964873068
	-0.38451646845761256
	-0.3762972257864666
	-0.38615231246930654
	-0.4007604727349249
	-0.4087913182194089
	-0.39833969568622696
	-0.38941619904428976
	-0.39266984953826917
	-0.3975315609534446
	-0.4031758705987002
	-0.37629722578365393
	-0.39995414863794315
	-0.40558596762972726
	-0.4023713308063432
	-0.3729903679912204
	-0.3894161990480841
	-0.3820577556466338
	-0.3942928976922958
	-0.4047831861383665
	-0.39672281676383286
	-0.3828779903891284
	-0.38369756026572466
	-0.3176076210832287
	-0.35430035594705084
	-0.319312146340363
	-0.32591247701580445
	-0.35029055596599296
	-0.35349936869847465
	-0.3217924594910242
	-0.31516416500278477
	-0.3510936310713891
	-0.3234425256656433
	-0.3341020851401135
	-0.3526980345882225
	-0.3242665258938221
	-0.3217924594954964
	-0.3446524589465635
	-0.3357321553011048
	-0.3510936310682865
	-0.3349174416096502
	-0.31599518962831286
	-0.34787780285258607
	-0.31931214639088173
	-0.3283763291254576
	-0.32261783796483745
	-0.3300155517581316
	-0.34384461422579754
	-0.3151641649994629
	-0.3226178379667822
	-0.3209663869570169
	-0.26262314592150154
	-0.2635000837337239
	-0.2787442979489811
	-0.2771076801622477
	-0.29294206489744784
	-0.3115056926436333
	-0.2986268648125327
	-0.28558973889461653
	-0.2937571578726781
	-0.2904980004704659
	-0.29457034867589516
	-0.300245123427422
	-0.278182413258808
	-0.29619483356623466
	-0.28312663667423854
	-0.3066939097256119
	-0.27487274942443546
	-0.27487274942443546
	-0.28140360808518045
	-0.26833012134227535
	-0.29110648538902945
	-0.2870749678178668
	-0.2854581183380246
	-0.28010642773725924
	-0.27270044821326894
	-0.2792879514922828
	-0.30121303278749456
	-0.30442327949831083
	-0.28174710239683887
	-0.27104667036052155
	-0.275175902425323
	-0.2931457934393929
	-0.3060249274638448
	-0.2685607254183623
	-0.2825654922117782
	-0.29799336555100187
	-0.3068248925149007
	-0.2955723211108969
	-0.29718695505140147
	-0.3281411792317865
	-0.3217180097732479
	-0.30875909681454133
	-0.32091266481225467
	-0.29232741892040165
	-0.31930017726921694
	-0.28983890389342526
	-0.30712791806897033
	-0.29232741892068537
	-0.31768527556939785
	-0.28900796817370916
	-0.2956355499305792
	-0.3063113566617267
	-0.2981093482008974
	-0.32733893959884897
	-0.3257358760665044
	-0.3271023108464809
	-0.34593233848982485
	-0.32627324585342277
	-0.3564280019946241
	-0.33615046202793003
	-0.361238345244975
	-0.33860465528384437
	-0.3271001242509631
	-0.3353310779898937
	-0.36123834524499554
	-0.3377872475074956
	-0.33533107798968415
	-0.3279263049503476
	-0.3572311749847774
	-0.34755376343854144
	-0.3229586884885181
	-0.3271001242512937
	-0.34593233912611615
	-0.35642800199418684
	-0.35159655038231863
	-0.3369691841427893
	-0.33040069398314204
	-0.3467433621055647
	-0.32378839111393565
	-0.33778724750829
	-0.32461738263836853
	-0.3540149536417924
	-0.3451206914765653
	-0.3386046552842155
	-0.35723117498454693
	-0.3515965503823003
	-0.3507892123543687
	-0.3360156671146615
	-0.3400768323644886
	-0.32866503989816737
	-0.320434427830173
	-0.32373486190417056
	-0.3245582507376131
	-0.3112410473270484
	-0.3030046417929299
	-0.3145165037210438
	-0.321848587037115
	-0.31206078877953825
	-0.3323501915033961
	-0.30795458964175726
	-0.31859629167716635
	-0.3021772115717045
	-0.32509084032258356
	-0.30630736494166017
	-0.29802945171943823
	-0.32832324541730806
	-0.3153337588064896
	-0.2980294517192808
	-0.33636241019375207
	-0.30877717869654536
	-0.3234709565964324
	-0.2996906953238124
	-0.3267082619822927
	-0.3071313194741896
	-0.3283232454171129
	-0.3194103175204287
	-0.29886043239286897
	-0.30877717869710536
	-0.32589985741600047
	-0.300520243909906
	-0.3234709565965744
	-0.3079545896378706
	-0.3291298301977265
	-0.33556112740508665
	-0.3063073649413751
	-0.312880020755289
	-0.31206078871300186
	-0.33960460103073253
	-0.3355922923368551
	-0.33639591547364095
	-0.3261270970141799
	-0.3269487531790495
	-0.3311932267202347
	-0.32709468395368063
	-0.3320087476002819
	-0.34741819867535395
	-0.3401470020573047
	-0.3221564437379031
	-0.34338473063719777
	-0.3229811914373584
	-0.3229811914373584
	-0.3468674541224092
	-0.3353320016772318
	-0.34768419884689034
	-0.3361603065371544
	-0.3468654472709949
	-0.34029135278234895
	-0.33864101969020083
	-0.35436428206380355
	-0.33396018923649123
	-0.35517239409438595
	-0.3380738114259082
	-0.34298804444118147
	-0.3648211471553842
	-0.3608111210567505
	-0.33065694442222066
	-0.3347842775704318
	-0.32982938945585666
	-0.32484916024932176
	-0.33230995607406494
	-0.3592030293011698
	-0.36081112105953744
	-0.37359131200159496
	-0.354694077647154
	-0.3571794113278019
	-0.3784641234136336
	-0.3613076575244097
	-0.3825077302640998
	-0.3645979160042982
	-0.367877432654587
	-0.3913510582207629
	-0.3817002279882975
	-0.3841209269930104
	-0.3881435091617713
	-0.3596584354439495
	-0.3833146289674225
	-0.37521812353564377
	-0.3792740699574825
	-0.3555232314745308
	-0.3881435091622463
	-0.3596584354440743
	-0.3719620338050933
	-0.3662390042063546
	-0.35717941226864897
	-0.35303364526152814
	-0.3686956574315428
	-0.39055003592667736
	-0.3662390042060242
	-0.3719620338049637
	-0.3604833903132724
	-0.3580064497323616
	-0.3719620338052158
	-0.3695132267926813
	-0.3711464118508757
	-0.36640372503676194
	-0.36721118258932206
	-0.35012967912008064
	-0.3649853931236729
	-0.3526209796505558
	-0.3763908837564304
	-0.3772008231822018
	-0.42098616698589275
	-0.4266251802897619
	-0.4038768365914078
	-0.4055183644122837
	-0.4467549733212903
	-0.4426980913707182
	-0.4483701883944582
	-0.45240342847708637
	-0.45642186858649975
	-0.42796891256508285
	-0.4491780374194405
	-0.43208179375413364
	-0.4361779691221268
	-0.43944314808027685
	-0.4588259779284626
	-0.443510247338539
	-0.44025783537635405
	-0.42796891255709946
	-0.4271442961405029
	-0.41405608076772243
	-0.427200417149345
	-0.42556668443707935
	-0.4390478033818187
	-0.41936050053482415
	-0.4543858201961502
	-0.4292446357804034
	-0.4366057315155464
	-0.44148419999527994
	-0.4366057315132376
	-0.44310535267867934
	-0.44956558557543697
	-0.42595580607882194
	-0.42265608085977957
	-0.44472404383957825
	-0.4543858201582036
	-0.39725228279813923
	-0.3917240524182354
	-0.4487601585253117
	-0.42265608085961986
	-0.4406726930797181
	-0.44956558557549314
	-0.4325227767162575
	-0.41936050038350586
	-0.43334066575263286
	-0.4259558060790815
	-0.44229508552457175
	-0.4463402973128107
	-0.44714751731249663
	-0.43699420449155174
	-0.4336885863299275
	-0.4345160340194722
	-0.4411849483243634
	-0.42649123219223944
	-0.4371235571163465
	-0.440373184761756
	-0.4338637914733535
	-0.4248455448228801
	-0.4215459795909488
	-0.4354949532252356
	-0.39069584699417087
	-0.45086680108650373
	-0.449258972906702
	-0.4429233361696957
	-0.4815866473109679
	-0.4539774797395159
	-0.49287136542562604
	-0.4263386319488541
	-0.43186733659188287
	-0.4832082325848697
	-0.4912650355298673
	-0.462753493089867
	-0.4856244682327804
	-0.4750751988017972
	-0.46357967852810095
	-0.48885118544912004
	-0.4799625754364822
	-0.482388151166504
	-0.46357967852801074
	-0.46522997968564817
	-0.40724014057628866
	-0.4513528893110597
	-0.4570880661559383
	-0.4644152780209597
	-0.45381478644611617
	-0.4595362001630772
	-0.4636036696220425
	-0.4480609487254738
	-0.46846405928841833
	-0.4570880663439028
	-0.4676555278722293
	-0.4652262651109011
	-0.4505309196996533
	-0.466846387021742
	-0.451352890069598
	-0.4619785764275153
	-0.4404007482153061
	-0.4595362001661346
	-0.4716921496556385
	-0.45299482024351656
	-0.4741069622802703
	-0.4513528900695127
	-0.4660366337631888
	-0.44888495227165004
	-0.4072401434518927
	-0.4488849522724674
	-0.4716921496558666
	-0.45545273706824235
	-0.47651650012831037
	-0.4692719842311804
	-0.47811996636043463
	-0.4708860264834497
	-0.4505309196995668
	-0.4627914367542752
	-0.4293490640417596
	-0.4546340910087653
	-0.47007930565085826
	-0.4611650855952615
	-0.4684640592883065
	-0.4293490640417174
	-0.45299482024405874
	-0.4546340910085014
	-0.408054987739062
	-0.4135837315908004
	-0.47309849886547
	-0.46904649917497
	-0.4467463442516097
	-0.4698581359199394
	-0.477940821471782
	-0.4617133063135441
	-0.4722893299028989
	-0.4518531375628106
	-0.4706691512484392
	-0.4803305825938958
	-0.4625306725068508
	-0.46985813592510195
	-0.46579367859265397
	-0.46253067250703894
	-0.45102704469039007
	-0.47713526422506813
	-0.45843728882523804
	-0.48033058259403927
	-0.46089528800252644
	-0.4747150126859341
	-0.46497888965603223
	-0.45843728882534224
	-0.4811333673719031
	-0.40252577478072954
	-0.47066915124911907
	-0.4191119998566204
	-0.4795501634986145
	-0.45679530408006674
	-0.4803305825940383
	-0.4191119998564459
	-0.47794082147376377
	-0.4246397963028215
	-0.4617133063145929
	-0.48113336737195816
	-0.46660783095612635
	-0.4739070591578313
	-0.4666078309562427
	-0.4771352642248761
	-0.4657936785925322
	-0.4779408214731341
	-0.46985813592493086
	-0.45925728242443
	-0.4674213498186302
	-0.4747150126859031
	-0.45843728882524043
	-0.46497888965621326
	-0.4135837330104061
	-0.44122039636631155
	-0.45597330652512585
	-0.45597330652512585
	-0.47352983044493024
	-0.4573279338277918
	-0.4015098834234248
	-0.4686949411027943
	-0.4686949411027943
	-0.4644644907273313
	-0.4591727735838187
	-0.470218983343424
	-0.42600678640464973
	-0.4775701231254508
	-0.4759410506129479
	-0.4710880275804208
	-0.4849291374245931
	-0.4792517348935444
	-0.4800646586064291
	-0.4871371838328498
	-0.4871371838328498
	-0.476340367461322
	-0.4836973640762962
	-0.43869321545130774
	-0.4276362830657859
	-0.4165774565641754
	-0.48613812528416855
	-0.4787985569536331
	-0.4820670040620762
	-0.438693214191759
	-0.49744091821130915
	-0.4828825013306013
	-0.484511580177935
	-0.4829942132895081
	-0.4599805055165245
	-0.4797309446709372
	-0.4878700478595621
	-0.4821793472892475
	-0.4894903523666807
	-0.48868050757069964
	-0.48031257788184945
	-0.4778483085766359
	-0.4811326506327314
	-0.484406410561575
	-0.43746860942378885
	-0.4319397260473125
	-0.5046279581946731
	-0.49819781837424887
	-0.5014175242242773
	-0.49415986724342054
	-0.4753779742599942
	-0.49980884169860434
	-0.47620209707890726
	-0.4981978183732593
	-0.4811326493465609
	-0.47784830340433526
	-0.4860393844882117
	-0.45405244990858756
	-0.4941598672439887
	-0.48031256316409077
	-0.5006134741273024
	-0.5022209948426136
	-0.49083690790622037
	-0.4973863006869076
	-0.4965712346610221
	-0.4593155905188531
	-0.4978999394249799
	-0.5035475736709384
	-0.4995095817778824
	-0.47036730523512055
	-0.4593151388820767
	-0.48155596817556895
	-0.4758927106348338
	-0.5067673095425957
	-0.5035475728110765
	-0.48320220042896017
	-0.46484144901281943
	-0.5011265744565702
	-0.4881248131796937
	-0.4930238340046543
	-0.49220894009973104
	-0.48719554144188515
	-0.48965988586709724
	-0.48554926691692807
	-0.4994555583418126
	-0.4953869151209144
	-0.483900276165635
	-0.5083527678389039
	-0.45292630143567475
	-0.49293639151966673
	-0.5059334763998586
	-0.5026993857907993
	-0.4921182503621221
	-0.48390027615441417
	-0.5002674383283439
	-0.49457072074794
	-0.4904799992303394
	-0.503508813880265
	-0.4888391018796844
	-0.5099626835732187
	-0.4418699346877985
	-0.497017378702679
	-0.4308116862935065
	-0.5067404997790222
	-0.4962024666949783
	-0.4953869150758034
	-0.4963600123781497
	-0.5036467099747096
	-0.4971730055095052
	-0.48819489590971926
	-0.48819489590971926
	-0.48684073731607624
	-0.485206524655712
	-0.42978858269452164
	-0.49486616735223476
	-0.4826236067631134
	-0.480157407037046
	-0.4956702765689569
	-0.47768511086170595
	-0.4408455514190468
	-0.4850837969168787
	-0.49728963530573334
	-0.4809801466493288
	-0.46295391624069177
	-0.503743089219636
	-0.4785098923826623
	-0.4948596817108905
	-0.4940544582932314
	-0.502938475218687
	-0.4826236067007298
	-0.49728963530565434
	-0.49405445829320604
	-0.44084555141873977
	-0.48015740702219833
	-0.4519006541352902
	-0.41872971836932243
	-0.4785098923836933
	-0.45742751362255124
	-0.47933399001611615
	-0.4519006541352902
	-0.5069557523233094
	-0.4908013516022931
	-0.4242593884031632
	-0.4793339900165209
	-0.501327489339184
	-0.501327489339184
	-0.5181068072869364
	-0.5213222305783147
	-0.49696989269891984
	-0.5124571730434975
	-0.507591050162835
	-0.518106806243246
	-0.4969698926340835
	-0.5116476837908014
	-0.5140743377662108
	-0.5100268767811275
	-0.4953096960112341
	-0.4797460256689083
	-0.5205192420619603
	-0.5051496119185425
	-0.4994306358887372
	-0.5173014944376585
	-0.5213222303142355
	-0.49448617422182006
	-0.5116476837907852
	-0.5197156771950238
	-0.5027024798217492
	-0.44657673825783
	-0.49943063588946
	-0.4410468847026431
	-0.5229264882877707
	-0.4576350272499645
	-0.5043345379611359
	-0.5092155530516511
	-0.5164955945821518
	-0.4994306358885674
	-0.46316346934211694
	-0.4907987877325312
	-0.5132660567033862
	-0.4944861742219611
	-0.5075910501590539
	-0.5084036118471291
	-0.5169602454844454
	-0.5129246321700079
	-0.46388839551219113
	-0.4804684601443118
	-0.5031776816341708
	-0.5031776816341708
	-0.5108959003292343
	-0.5068394002787988
	-0.47452430380204474
	-0.49867260002909586
	-0.5125142040078914
	-0.4994920818039112
	-0.49703164802645716
	-0.4468862334372121
	-0.5019465905021651
	-0.502763458108094
	-0.5137115229901976
	-0.5193402401315255
	-0.4958219938792078
	-0.5056199716255839
	-0.49088716269700905
	-0.5161273047882851
	-0.5080538090428779
	-0.49500120189245644
	-0.46672012326537443
	-0.5193402380889919
	-0.5072431452689742
	-0.4908871626656331
	-0.46672012326525697
	-0.5039943160594229
	-0.42802079913681185
	-0.4832986260468752
	-0.5072431452694466
	-0.5112903795342448
	-0.501549101516527
	-0.5145173560350512
	-0.5031805501519816
	-0.5112903795342078
	-0.4999160448119958
	-0.44460903870576624
	-0.506431867088103
	-0.4950012018920935
	-0.49664212022146387
	-0.507657437868684
	-0.49302467871066813
	-0.5092708310647909
	-0.5019915180508404
	-0.4562868398245537
	-0.48892087603503076
	-0.5068498152433445
	-0.5068498152433445
	-0.5309626723992906
	-0.5285553117025554
	-0.49678167539472545
	-0.5157334246709642
	-0.5375943458786148
	-0.5303562096609019
	-0.5271239412596705
	-0.5165511446238243
	-0.5255041846075902
	-0.4857274041023252
	-0.5271239412285397
	-0.49678165338918223
	-0.5066949984564302
	-0.4525535702359237
	-0.5198156122128559
	-0.4801995948182318
	-0.5319687681116381
	-0.5351868499278633
	-0.5287412750225354
	-0.5263143672491336
	-0.4857274041018024
	-0.5295490407248694
	-0.452553570235812
	-0.5165511446168941
	-0.52306995489427
	-0.5157334225936384
	-0.509168043691882
	-0.5263143672493654
	-0.535989921386171
	-0.5246933903238677
	-0.5327741636708258
	-0.5287412750225355
	-0.5303562095329909
	-0.523550367226521
	-0.5324758846449822
	-0.5292387577586782
	-0.5259918457663494
	-0.5186495092093508
	-0.5243646596827061
	-0.5170107925180525
	-0.5145477762645885
	-0.5300489478618777
	-0.5373136279247843
	-0.5316675068310357
	-0.5405271040686157
	-0.5120787539227655
	-0.5137254404376405
	-0.49912187029363564
	-0.5032259207970088
	-0.49912183977676355
	-0.4350301506264767
	-0.5162459086406295
	-0.5218912097825501
	-0.5064973115099212
	-0.4974755097856404
	-0.51543704998899
	-0.5064973115071866
	-0.4737255152973027
	-0.4737255152973027
	-0.4733566732791072
	-0.4766429036010189
	-0.49614618040445196
	-0.4977555085193647
	-0.5282090038316826
	-0.5460011593224774
	-0.5355226486875558
	-0.5451985992229892
	-0.48077060797469295
	-0.4918272290502447
	-0.545198598081518
	-0.5208427529439564
	-0.5435918097633293
	-0.533090161504172
	-0.4918272289959947
	-0.5200210654762307
	-0.4697121310432679
	-0.5387574472811434
	-0.5411772745750894
	-0.5183756861588406
	-0.4641821886361476
	-0.5123132994589884
	-0.48629914864090007
	-0.5355226432418672
	-0.5371412503958352
	-0.5213685384569833
	-0.5375541420105681
	-0.489276034316017
	-0.5221831123313365
	-0.5229976252037005
	-0.5191821651497434
	-0.5272861372404513
	-0.5329235985711156
	-0.5134713030528254
	-0.5101799343597478
