	1.0
	1.0
	1.0
	0.409075486538124
	1.0
	0.823747173280088
	1.0
	0.823747173281698
	1.0
	1.0
	1.0
	0.8829859856737227
	1.0
	0.5275531113227105
	1.0
	1.0
	1.0
	1.0
	1.0
	1.0
	1.0
	1.0
	0.6241534214116213
	1.0
	1.0
	1.0
	1.0
	0.632108927994504
	0.8098253651659306
	0.5728701155997673
	1.0
	0.750586552777558
	0.809825365166876
	1.0
	1.0
	1.0
	1.0
	1.0
	1.0
	1.0
	1.0
	1.0
	1.0
	0.44794574005980936
	1.0
	1.0
	1.0
	1.0
	1.0
	1.0
	1.0
	1.0
	1.0
	1.0
	1.0
	1.0
	1.0
	1.0
	1.0
	1.0
	1.0
	1.0
	1.0
	0.3511369156767694
	1.0
	1.0
	1.0
	1.0
	1.0
	1.0
	1.0
	1.0
	1.0
	1.0
	1.0
	1.0
	1.0
	1.0
	1.0
	0.4074885751165047
	1.0
	1.0
	0.4074885751183046
	1.0
	1.0
	1.0
	1.0
	1.0
	1.0
	1.0
	1.0
	1.0
	1.0
	1.0
	0.41550950426595334
	0.8301811910040546
	1.0
	1.0
	1.0
	1.0
	1.0
	1.0
	1.0
	1.0
	1.0
	1.0
	1.0
	1.0
	1.0
	0.4507257279492147
	1.0
	0.806158602300314
	1.0
	0.8653974146931
	1.0
	0.6284421651244393
	1.0
	1.0
	1.0
	0.6284421651248513
	0.8653974146880213
	0.5692033527303434
	1.0
	0.4507257279479193
	1.0
	1.0
	1.0
	1.0
	1.0
	1.0
	1.0
	1.0
	1.0
	1.0
	1.0
	1.0
	0.86315813949526
	1.0
	1.0
	0.8039193271018974
	1.0
	0.4484864527513315
	0.3300088279618467
	1.0
	1.0
	1.0
	1.0
	1.0
	0.9490409654527808
	1.0
	1.0
	1.0
	0.6443635092241886
	1.0
	1.0
	1.0
	1.0
	1.0
	1.0
	1.0
	0.7628411340104053
	0.7628411340104053
	1.0
	1.0
	1.0
	1.0
	1.0
	1.0
	1.0
	0.5459723355821747
	1.0
	1.0
	1.0
	1.0
	0.48673352319189134
	1.0
	1.0
	1.0
	1.0
	1.0
	1.0
	1.0
	1.0
	1.0
	1.0
	1.0
	1.0
	1.0
	0.4608765902054034
	1.0
	1.0
	1.0
	1.0
	1.0
	0.8163094645544693
	1.0
	1.0
	1.0
	1.0
	1.0
	0.40163777781112653
	1.0
	0.34239896542037795
	1.0
	1.0
	0.46087659020278726
	1.0
	1.0
	0.816309464554304
	1.0
	1.0
	1.0
	1.0
	1.0
	1.0
	1.0
	1.0
	1.0
	0.27326142937960674
	1.0
	0.9248883656904326
	1.0
	0.6879331161222619
	0.39173905415979604
	0.8064107409008641
	1.0
	1.0
	1.0
	0.7471719285155474
	1.0
	1.0
	1.0
	1.0
	0.865649553298132
	1.0
	1.0
	1.0
	1.0
	1.0
	1.0
	1.0
	0.628694303729786
	1.0
	0.806410740905656
	1.0
	0.5102166789462753
	1.0
	1.0
	1.0
	1.0
	1.0
	0.7412597944792126
	1.0
	1.0
	1.0
	0.623362890273348
	0.860318139835826
	0.445646453094224
	1.0
	0.9787957646224209
	1.0
	0.8603181398406273
	1.0
	1.0
	0.32716882831211336
	1.0
	1.0
	0.386407640704746
	0.386407640704746
	1.0
	1.0
	1.0
	1.0
	1.0
	1.0
	0.27015965867132663
	0.21092084627263996
	1.0
	0.9810254073745648
	0.862547782588818
	0.9810254073717319
	1.0
	1.0
	1.0
	1.0
	1.0
	1.0
	1.0
	1.0
	0.7440701578070293
	1.0
	1.0
	1.0
	1.0
	1.0
	1.0
	1.0
	1.0
	0.8439835965455926
	1.0
	0.8439835965461553
	0.5477895345845627
	1.0
	1.0
	0.9032224089379467
	0.37007309740931327
	1.0
	1.0
	1.0
	1.0
	1.0
	1.0
	0.806348718802014
	0.806348718802014
	1.0
	0.31079862547112
	1.0
	1.0
	1.0
	1.0
	1.0
	0.6145614852094227
	1.0
	1.0
	1.0
	0.4368450480338434
	1.0
	0.37760623564324003
	1.0
	1.0
	1.0
	1.0
	1.0
	1.0
	1.0
	0.37760623564273055
	0.6738002975966307
	1.0
	1.0
	1.0
	0.8515167347770167
	1.0
	1.0
	1.0
	1.0
	1.0
	1.0
	0.7760084705683653
	1.0
	0.835247282959866
	1.0
	0.5982920333937514
	1.0
	0.6575308457840541
	1.0
	1.0
	1.0
	1.0
	1.0
	1.0
	1.0
	0.6734526013182613
	0.7919302260985953
	1.0
	0.6734526013184267
	1.0
	1.0
	1.0
	1.0
	1.0
	0.611458275794472
	1.0
	1.0
	0.9076523377527806
	1.0
	1.0
	0.2560254014423533
	1.0
	1.0
	1.0
	1.0
	1.0
	1.0
	0.9681379169695191
	0.6127050426176286
	0.6719438550068981
	1.0
	0.9088991045782073
	1.0
	1.0
	0.6127050426187733
	0.4942274178312027
	1.0
	1.0
	0.9681379169693831
	1.0
	1.0
	1.0
	1.0
	0.19803335587604665
	1.0
	1.0
	1.0
	1.0
	1.0
	1.0
	1.0
	1.0
	0.7311826674031326
	0.9681379169672681
	1.0
	0.9088991045793906
	1.0
	1.0
	1.0
	1.0
	1.0
	1.0
	1.0
	1.0
	1.0
	0.333704110796166
	1.0
	1.0
	1.0
	0.9214754570690573
	1.0
	1.0
	1.0
	0.4475649579318448
	1.0
	1.0
	1.0
	1.0
	1.0
	0.9842292944408565
	1.0
	1.0
	1.0
	1.0
	1.0
	1.0
	1.0
	1.0
	1.0
	1.0
	1.0
	1.0
	0.5875978911950914
	1.0
	1.0
	1.0
	1.0
	0.5875978911954114
	0.23216501684014668
	1.0
	1.0
	1.0
	1.0
	0.824553140762166
	1.0
	0.35064264162703196
	0.9430307655411848
	1.0
	0.5875978911965367
	1.0
	0.6468367035877026
	1.0
	1.0
	0.7653143283721834
	0.5283590788009467
	1.0
	1.0
	1.0
	1.0
	1.0
	1.0
	1.0
	1.0
	0.46912026641200266
	1.0
	1.0
	1.0
	1.0
	1.0
	1.0
	1.0
	0.23216501684502666
	0.5875978911889306
	1.0
	1.0
	0.7060755159802173
	1.0
	0.409881454020502
	0.765314328365936
	1.0
	1.0
	1.0
	1.0
	1.0
	1.0
	1.0
	1.0
	0.23216501684327995
	0.2914038292294333
	1.0
	1.0
	0.46912026641178395
	1.0
	0.7653143283720134
	1.0
	1.0
	1.0
	1.0
	1.0
	1.0
	0.8837919531549613
	1.0
	1.0
	0.23216501684356672
	1.0
	1.0
	1.0
	1.0
	1.0
	1.0
	1.0
	1.0
	1.0
	1.0
	0.8615272054628986
	1.0
	0.861527205461504
	1.0
	1.0
	1.0
	1.0
	0.1554052776178333
	1.0
	1.0
	1.0
	1.0
	0.6885545891439526
	1.0
	1.0
	1.0
	1.0
	1.0
	0.39236052718445613
	1.0
	1.0
	1.0
	1.0
	1.0
	0.72174542065266
	1.0
	1.0
	1.0
	1.0
	0.18859610912480662
	1.0
	1.0
	1.0
	1.0
	1.0
	0.24783492151705333
	1.0
	1.0
	1.0
	1.0
	1.0
	1.0
	1.0
	1.0
	1.0
	1.0
	1.0
	0.8402230454359787
	1.0
	1.0
	1.0
	1.0
	1.0
	1.0
	1.0
	1.0
	1.0
	0.3326680135139066
	1.0
	1.0
	1.0
	1.0
	1.0
	1.0
	0.20330522270025986
	1.0
	1.0
	0.3810216598771733
	0.7956933466143654
	1.0
	0.3810216598764947
	1.0
	1.0
	1.0
	1.0
	1.0
	1.0
	1.0
	1.0
	0.44026047226788334
	0.8549321590067054
	1.0
	1.0
	0.32178284748419994
	1.0
	1.0
	0.795693346619614
	1.0
	0.67721572183621
	1.0
	1.0
	0.9734097837953092
	0.49949928465921944
	1.0
	1.0
	1.0998763154510502
	1.0998329154571553
	1.0998875520675122
	1.0996929504590716
	1.0999134813208091
	1.0997907582592243
	1.0999034402734942
	1.0999134813208014
	1.0997980996524959
	1.099744084512722
	0.47436692800220076
	1.0075768117039243
	1.0998704965419699
	1.099692950459108
	1.0998124049884603
	0.9483557090595062
	0.5929008045687514
	1.0997440845126794
	1.099832915282166
	1.099752174705849
	1.0996839982960203
	1.0998875520684606
	1.0998763109233625
	1.099838534046647
	1.0998512814418984
	0.54301961612784
	1.0999010819797854
	1.0997230592328988
	1.0997869705662502
	1.0169278292351296
	1.0998296223083737
	1.0761388671919632
	1.0998362859861956
	0.6615333446584133
	1.0998159124485742
	1.0998428217829914
	0.7207810349060573
	1.0997869705662149
	1.0999010819788608
	1.0997943956138398
	0.4244814278475773
	0.4244814278475773
	1.0999630314750892
	1.099906728429694
	1.099938155757087
	1.0998626532639066
	1.0999598777186177
	1.0188211140674295
	0.9002189535153047
	1.0188211140643684
	0.8409087173987586
	1.0999598777186257
	1.0998912280419046
	1.099934069507082
	1.099874496341336
	1.0999496139566332
	1.0999565886779472
	1.0997310219633551
	1.0997310219633551
	1.0999229418211554
	1.0998932410718694
	1.099840094587657
	1.0998527962718077
	1.2999604818086674
	1.2999546692617525
	1.2992647054606854
	1.28468319696901
	1.2992406168865234
	1.1656866276048339
	1.2995245246328233
	1.2996325353415275
	1.298495859013526
	1.2994651083020288
	1.2990031852595447
	1.2984958590136755
	1.2995803254814662
	1.2986990993041536
	1.298565359535787
	1.2994444951095783
	1.299003185259549
	1.2993122684748428
	1.2995435254156145
	1.2989457909926048
	1.2994444951095367
	1.2992406168678206
	1.2994651083019493
	1.2846831964755054
	1.2991907798227829
	1.2996155295628087
	1.2992159059451887
	1.2989164558984503
	1.2846831964743695
	1.299190779822784
	1.2987314449266663
	1.2987314449266663
	1.2991991424594191
	1.2992242023721765
	1.2993537285185266
	1.2995225648473543
	1.2992095780526949
	1.2995225641295782
	1.2993763160821397
	1.2996810480342367
	1.299754966393096
	1.2993073868140788
	1.2992095780539916
	1.0718438597780449
	1.299665060873056
	1.2990777327822065
	1.2992835692270093
	1.2997409819923098
	1.2989351084405303
	1.2994828491667318
	1.2996146756758002
	1.2989351084405647
	1.1313443711510234
	1.2993984548432895
	1.299131756495756
	1.299830549552487
	1.2996650608728673
	1.2995418045703224
	1.2991840645910406
	1.2994828491667039
	1.2993307831148453
	1.2995606349687963
	1.2994623726498546
	1.2995606349687787
	1.2989052775231313
	1.2997409819923407
	1.299818938813849
	1.2997685529691037
	1.2992346659234797
	1.299579056304895
	1.299579056304895
	1.2993246532490288
	1.2993246532490288
	1.2993077251308571
	1.2993757591211361
	1.299440040810703
	1.2987598883137517
	1.2218146915830563
	1.29882225395143
	1.2993308824691734
	1.2990547531954757
	1.2984221771653945
	1.2985964577884348
	1.298493200567941
	1.2985964577884253
	1.2990271639525512
	1.2994190173502993
	1.2218146915843344
	1.2992843772486593
	1.2985624742266773
	1.10274637500705
	1.298630007361837
	1.298562474226798
	1.4947210396889203
	1.4968658384746643
	1.4948083951965558
	1.49568371377781
	1.4969916062636672
	1.4956077790134077
	1.494724411294019
	1.4943810221616174
	1.4956077790138265
	1.4952172334125315
	1.4952967983294378
	1.4948088841873968
	1.4937759524823857
	1.4954456173615291
	1.4939558170650078
	1.4946464112169742
	1.492832370944471
	1.494306872071434
	1.4930270220130168
	1.4928323709447489
	1.4922343053313516
	1.491280560894369
	1.4914978791911877
	1.4915551130848903
	1.4944147569914918
	1.4910139403967924
	1.4935339299552983
	1.4931616116712108
	1.4915552141892987
	1.492482089084469
	1.4898737039910706
	1.4904535257344518
	1.4902239410889895
	1.4917161185489611
	1.489935894230267
	1.4935809967341926
	1.4920283384591073
	1.489818042069433
	1.4896994025460937
	1.4875665592232532
	1.4875665592232532
	1.4849905903853515
	1.4863738034286247
	1.488543344600092
	1.4827798379013208
	1.4832373825448317
	1.4827798379026877
	1.4844220135527033
	1.487421610805736
	1.4845665040850036
	1.4874216108057134
	1.4872932658581592
	1.4843825051441404
	1.4887666570733291
	1.4873984246698737
	1.4870095770014629
	1.4852449612413858
	1.4890058213516266
	1.4884023766512657
	1.4888865959619868
	1.4875265326225888
	1.4880314767076155
	1.488279483162089
	1.4887805352939012
	1.4885370886540212
	1.4852979185816306
	1.4866698857316771
	1.4858561680618867
	1.488214342933924
	1.4861305251612422
	1.4835467295958762
	1.4870662882583157
	1.485014180226412
	1.4880898001533596
	1.4890653021746756
	1.485578669962699
	1.4854387375555467
	1.486902724987147
	1.4807593965637849
	1.4820375299706159
	1.4850076856372
	1.4862428480650867
	1.4831131576289192
	1.4854262556606987
	1.4863763064758353
	1.4877953233244159
	1.483113157628632
	1.4858379584111825
	1.4867721944864007
	1.482961906164628
	1.4832636119361395
	1.4846507591836473
	1.479429972503712
	1.4827635872976856
	1.4782395365748848
	1.4812198352448933
	1.4797626587601602
	1.4792623631748856
	1.4815348650503282
	1.479927792733495
	1.484086871183159
	1.4782395365750942
	1.4820014959804562
	1.4826127218612712
	1.4836526350998094
	1.4821554712621374
	1.478239536575443
	1.48041833359101
	1.48137774585186
	1.4836526350999926
	1.4794299463311387
	1.483211558589736
	1.4847955413228977
	1.478924731109014
	1.4782395365759857
	1.4813777458521793
	1.4797626587601314
	1.4836526351002282
	1.4789247311092186
	1.4823086659278908
	1.481691195024978
	1.4804183335904804
	1.4845143201312805
	1.4792623631740773
	1.4804183335908605
	1.4842301056896
	1.4837981378552085
	1.482155471262115
	1.4800921149893358
	1.4805802345202501
	1.482612721861483
	1.4824610820922963
	1.3904921418537635
	1.3880377768459666
	1.3916428302005106
	1.3902895383556362
	1.389251178926511
	1.3896738202000427
	1.3917351058302225
	1.38734371521933
	1.3867475816681591
	1.3882640488975386
	1.3863820556096444
	1.3885987103285509
	1.3867475816679573
	1.3867475816679573
	1.3917264463465093
	1.3880178517569939
	1.3896578002121849
	1.3908703689294253
	1.3916311629276943
	1.38934100486243
	1.3906742733248871
	1.3880178702252055
	1.38824468436684
	1.3889256789058975
	1.3883707848210982
	1.3906970153974145
	1.3889260022149583
	1.3885947769570974
	1.387799555159633
	1.391280080680187
	1.3891436603654523
	1.390597737692182
	1.3876833693288029
	1.3910881153787156
	1.3922937869037004
	1.3922045465020751
	1.3908262427332319
	1.3914188227806112
	1.3923562812364954
	1.392265313653267
	1.3881464649077169
	1.3911932773925264
	1.3880319687952887
	1.391096821791815
	1.3923045105957221
	1.3899958650719333
	1.3890395732452656
	1.3894708498308868
	1.3920346363698264
	1.3898921044153796
	1.391666610994787
	1.3918517990444632
	1.3924264592278068
	1.3922484120528948
	1.198054512067901
	1.1969636166852662
	1.1969636166852662
	1.1057102519693587
	1.1989498773806302
	1.1988295716252646
	1.1989960633683685
	1.1983969847941756
	1.1988541927168388
	1.1990632640928574
	0.9867197807740489
	1.1979905450541648
	1.1986759268948015
	1.1982772667876527
	1.16518416558365
	1.1991697930592882
	1.1988541927167211
	1.1984550871940114
	1.1982466008558794
	1.1981528230423173
	1.1983674955959782
	1.1990187387162483
	1.1985678091588754
	1.1989498840955821
	1.1987022423769693
	1.198804669859868
	1.1986493265510008
	1.1985120266513485
	1.1981843797790592
	1.1983377133777462
	1.1988541927168461
	1.1990632640928574
	1.1981843797789558
	1.1982772667877297
	1.1981209677698148
	1.1989025956580412
	1.1982772667876103
	1.1982156387841085
	1.198407398719427
	1.1983781211682227
	1.1988996384287312
	1.1982093814225363
	1.199016264236718
	1.1989704427429402
	1.1986218991920607
	1.1995237267425642
	1.1991980181223705
	1.1988324608924814
	1.1987557021483182
	1.199047075240206
	1.19895457132223
	1.1991980181226987
	1.1986492391881818
	1.1989781271091298
	1.1992974233021128
	1.199218456222797
	1.1994421265845454
	1.1991563015374287
	1.1994589867894958
	1.1990243783353527
	1.198954571322234
	1.199407591541463
	1.1993719660869528
	1.1988976809332308
	1.1989931846177548
	1.1992729603791359
	1.1995367216557709
	1.1992924900631268
	1.1990393901222247
	1.199610954560098
	1.1992126788725643
	1.1991710736980092
	1.2965832034921647
	1.2974176578777654
	1.2976386980605266
	1.2976816220537994
	1.2970259250006755
	1.297748203565109
	1.2959697814771296
	1.2973103520193563
	1.2975781063478928
	1.2956772950342026
	1.296978568321943
	1.2968798868288371
	1.296868262713201
	1.2975227431924543
	1.2965092554756878
	1.2967678316870097
	1.2953010074996492
	1.297252443186545
	1.2965092554655557
	1.2958433740575022
	1.2976094843978476
	1.2960159142644383
	1.2967169923096593
	1.2965092554656423
	1.2957260706959448
	1.2976094843978603
	1.2975227450087385
	1.2979876063400315
	1.2962797769146603
	1.2963350290214857
	1.294066751838033
	1.2945443178823621
	1.2951875072407373
	1.2950625031597358
	1.2951610520169412
	1.2974158773116282
	1.2960555619451206
	1.295530882684083
	1.2959990661827496
	1.2954092870955627
	1.296111611213174
	1.2970454548684613
	1.2975042929103542
	1.2968995547580493
	1.2963313668898564
	1.2965440716405587
	1.2968500656998088
	1.2971875263897041
	1.295409287095354
	1.2969972482875725
	1.2973257971474754
	1.2971405928854427
	1.2951605660130983
	1.296331366890108
	1.2958268880990673
	1.2966478025565125
	1.2972801275074117
	1.2968001470268409
	1.2958847304594132
	1.2959421227535566
	1.4833665100565405
	1.489385806861422
	1.4836759497699368
	1.4848467671706136
	1.4887935411835143
	1.4892687825141273
	1.484121036252871
	1.482917857050441
	1.4889134466462481
	1.4844137291283364
	1.486238940922571
	1.4891510654929139
	1.4845588730392867
	1.4841210362536679
	1.4879335707443255
	1.4865080375989899
	1.4889134466457863
	1.4863738744576485
	1.4830711148800397
	1.4884294185675215
	1.483675949779065
	1.4852726577977733
	1.4842677842958656
	1.4855526436779538
	1.487807747746855
	1.4829178570498271
	1.4842677842962106
	1.4839734827003876
	1.4718261145738976
	1.4720338948030223
	1.4755229571549553
	1.4751595068786725
	1.4785635057555337
	1.4822349480471217
	1.479724430212385
	1.4770141199663607
	1.4787319450356222
	1.4780544560965636
	1.4788993291784283
	1.480048994642737
	1.475398479106157
	1.4792317270674527
	1.4764829721398862
	1.4813163777314151
	1.4746588605241435
	1.4746588605241435
	1.4761078087209114
	1.4731645336613575
	1.4781817497767382
	1.4773314653351188
	1.4769858905064694
	1.4758234084387654
	1.4741674568787757
	1.4756430958217637
	1.4802418708332272
	1.480874873198902
	1.476182836343912
	1.4737901864234981
	1.474727062574866
	1.4786056686140907
	1.4811868356172968
	1.4732179310905626
	1.4763611174114468
	1.4795966598192944
	1.48134168892406
	1.479104662052007
	1.479433434399339
	1.3881858182896636
	1.3872862127843153
	1.385370766779524
	1.3871710905501409
	1.382748839627095
	1.3869390296260256
	1.3823329254733132
	1.3851201440046361
	1.3827488396271423
	1.3867045365023174
	1.3821929450023254
	1.3832940686191293
	1.3849938837767117
	1.3836960658864534
	1.38807526328846
	1.3878528060438766
	1.3880425556341494
	1.3905052622707146
	1.3879276059574779
	1.3917548325554978
	1.3892613315625357
	1.392298081267859
	1.3895806170815814
	1.388042253186387
	1.3891536584496118
	1.3922980812678611
	1.389474809171522
	1.3891536584495843
	1.3881562573887838
	1.391846825041509
	1.3907040579832992
	1.3874625496073179
	1.3880422531864327
	1.39050526234914
	1.3917548325554474
	1.3911905664566289
	1.389368381232373
	1.3884944301594402
	1.3906049611765177
	1.387579787557514
	1.3894748091716254
	1.3876963750109534
	1.3914753464959169
	1.3904049599165211
	1.3895806170816294
	1.3918468250414828
	1.3911905664566269
	1.3910944563400682
	1.3892436554272602
	1.3897698321813696
	1.3882577325787615
	1.387102482116529
	1.3875722404368234
	1.3876880770463016
	1.3857480231143242
	1.3844771315379472
	1.3862383490432537
	1.3873048296237311
	1.3858715411543323
	1.3887574166844208
	1.3852474241441337
	1.3868370778426897
	1.3843464577513815
	1.387762714344376
	1.3849932652496628
	1.3836831590508998
	1.3882108367743817
	1.386359351745384
	1.3836831590508742
	1.389289095680961
	1.385373533045099
	1.3875349987340084
	1.3839504729840568
	1.3879879894139209
	1.3851206688288933
	1.3882108367743549
	1.386954946632771
	1.3838171497371266
	1.3853735330451844
	1.3878756561408925
	1.3840831307640946
	1.3875349987340286
	1.3852474241435366
	1.388321354028697
	1.3891839428718855
	1.3849932652496186
	1.3859944453469835
	1.3858715411443285
	1.3897093263957958
	1.3891880422643799
	1.389293481410517
	1.3879072854429135
	1.3880213063894857
	1.2914512819884623
	1.2910311255048768
	1.2915336817351522
	1.2930156381713578
	1.2923341057146198
	1.290511500848815
	1.2926414972207252
	1.2905993024245188
	1.2905993024245188
	1.2929651270179143
	1.2918653350985119
	1.293039969015726
	1.2919469664538004
	1.2929649426281462
	1.2923479444011723
	1.2921889838420144
	1.2936370712983627
	1.2917292343724855
	1.2937074893702945
	1.2921339728361603
	1.2926041737434786
	1.294518003323084
	1.2941879367935565
	1.2913968788582744
	1.2918111295186228
	1.29131258899211
	1.2907966550003898
	1.2915640147504353
	1.2940528639126099
	1.2941879367937892
	1.2952062530795565
	1.2936658566787567
	1.293880683835398
	1.295568709210715
	1.2942293302415901
	1.295858669965692
	1.2944998826948861
	1.294763088159417
	1.2964586222350756
	1.2958015491825938
	1.2959716121317122
	1.2962464376372071
	1.294091273577388
	1.2959153572560969
	1.2953288449918103
	1.2956275749446107
	1.2937379390069315
	1.2962464376372391
	1.2940912735773984
	1.2950818837638016
	1.2946323988012876
	1.2938806839160213
	1.2935202671724657
	1.2948277508867996
	1.2964062116093045
	1.2946323988012611
	1.2950818837637916
	1.2941605346864564
	1.2939513495047175
	1.295081883763811
	1.2948919606053826
	1.2950190258463288
	1.2946456105947841
	1.2947101389912021
	1.293261666075805
	1.2945313167790093
	1.2934838273082514
	1.2954162359144452
	1.2954761086518614
	1.099375681419242
	1.099461613583249
	1.0990760337456325
	1.099107322053667
	1.0997164967133983
	1.0996716491267442
	1.0997334362553577
	1.0997734566379265
	1.0998100946462508
	1.0994811522442944
	1.099741712811946
	1.0995387117260345
	1.0995926748374625
	1.0996332867685572
	1.0998304699906454
	1.0996808907844247
	1.099643087376608
	1.0994811522441794
	1.0994692046415138
	1.0992613642746996
	1.099470022073677
	1.099445968153431
	1.0996284829727418
	1.0890913063276089
	1.0997919346600822
	1.0994993678434153
	1.099598116672332
	1.0996575901149808
	1.0995981166723028
	1.0996762999106182
	1.0997456369841652
	1.0994517457346562
	1.0994017918172032
	1.099694456867055
	1.099791934659736
	0.8517306203184213
	0.7923751491809837
	1.099737447864565
	1.0994017918172005
	1.0996480270653586
	1.0997456369841658
	1.0995446824337916
	1.0890913063247027
	1.0995556533157698
	1.0994517457346602
	1.0996670142845384
	1.0997120636307522
	1.0997206615073767
	1.0996030269732349
	1.0995602796417077
	1.099571185019946
	1.0996540789696392
	1.0994596461055384
	1.0996046552930299
	1.0996444642904544
	1.0995626001921721
	1.099435180786703
	1.0993844966681656
	1.0995839098940585
	0.7828788368297145
	1.0997585928764526
	1.0997425348169516
	0.791740651819178
	1.0
	0.9102182766009427
	1.0
	0.6140242146535186
	0.6732630270379667
	1.0
	1.0
	1.0
	1.0
	1.0
	1.0
	1.0
	1.0
	1.0
	1.0
	1.0
	0.5896287512049546
	1.0
	1.0
	1.0
	1.0
	1.0
	1.0
	1.0
	1.0
	1.0
	1.0
	1.0
	1.0
	1.0
	1.0
	1.0
	0.9450616255427831
	1.0
	1.0
	1.0
	1.0
	1.0
	1.0
	1.0
	0.5896287512038247
	1.0
	1.0
	1.0
	1.0
	1.0
	1.0
	1.0
	1.0
	1.0
	0.8265840007634974
	1.0
	1.0
	1.0
	1.0
	0.8265840007639047
	1.0
	1.0
	0.5417829006122487
	0.601021712998326
	1.0
	1.0
	0.9564545873411262
	1.0
	1.0
	1.0
	1.0
	1.0
	1.0
	1.0
	1.0
	1.0
	1.0
	1.0
	1.0
	1.0
	1.0
	1.0
	1.0
	1.0
	1.0
	1.0
	1.0
	0.48254408822474937
	1.0
	0.6602605253928873
	1.0
	1.0
	1.0
	0.6602605253937026
	1.0
	0.7194993377830787
	1.0
	1.0
	1.0
	1.0
	1.0
	1.0
	1.0
	1.0
	1.0
	1.0
	1.0
	1.0
	1.0
	1.0
	0.6010217130028033
	0.8972157749471273
	1.0
	1.0
	1.0
	1.0
	0.5351249425559368
	1.0
	1.0
	1.0
	0.9749328181188351
	1.0
	0.61949994378122
	1.0
	1.0
	1.0
	1.0
	1.0
	1.0
	1.0
	1.0
	1.0
	1.0
	0.6710042845996707
	0.5525266598168247
	0.4340490350365733
	1.0
	1.0
	1.0
	0.6710042845995541
	1.0
	1.0
	1.0
	1.0
	0.9064721852042
	1.0
	1.0
	1.0
	1.0
	1.0
	1.0
	1.0
	1.0
	1.0
	0.6159607484819201
	0.556721936088542
	1.0
	1.0
	1.0
	1.0
	1.0
	1.0
	1.0
	1.0
	1.0
	1.0
	1.0
	0.7936771856510426
	1.0
	1.0
	1.0
	1.0
	1.0
	1.0
	1.0
	0.7820869605736147
	1.0
	1.0
	1.0
	0.9005645853589533
	0.7820869605728766
	1.0
	0.9598033977494642
	1.0
	1.0
	1.0
	0.8413257729657786
	1.0
	1.0
	1.0
	1.0
	1.0
	1.0
	1.0
	1.0
	1.0
	1.0
	1.0
	0.6720969478291767
	1.0
	1.0
	1.0
	1.0
	1.0
	1.0
	1.0
	1.0
	1.0
	1.0
	1.0
	0.5536193230454913
	1.0
	0.4351416982606473
	1.0
	1.0
	1.0
	1.0
	1.0
	1.0
	1.0
	1.0
	1.0
	1.0
	0.4901106116113113
	1.0
	1.0
	1.0
	1.0
	1.0
	0.6085882363946526
	1.0
	1.0
	1.0
	0.8455434859624786
	1.0
	1.0
	1.0
	1.0
	1.0
	1.0
	1.0
	1.0
	0.6085882363958166
	1.0
	0.7270658611786287
	0.3716329868249727
	1.0
	0.7863046735704153
	1.0
	0.7270658611785753
	1.0
	1.0
	0.4308717992198886
	1.0
	1.0
	1.0
	1.0
	1.0
	1.0
	1.0
	1.0
	1.0
	1.0
	1.0
	1.0
	1.0
	1.0
	0.86623735232819
	1.0
	1.0
	1.0
	1.0
	1.0
	1.0
	1.0
	1.0
	1.0
	0.51080447797743
	1.0
	0.451565665585304
	1.0
	0.629282102762692
	1.0
	1.0
	1.0
	1.0
	0.6885209151528973
	0.9847149771094066
	1.0
	1.0
	1.0
	1.0
	1.0
	1.0
	0.6914080290748814
	0.8691244662466859
	1.0
	1.0
	1.0
	1.0
	0.8097929696544407
	1.0
	1.0
	1.0
	1.0
	0.5135989076941287
	1.0
	1.0
	1.0
	1.0
	1.0
	1.0
	1.0
	1.0
	1.0
	1.0
	0.7474353169611834
	1.0
	1.0
	1.0
	0.747435316960892
	1.0
	0.33276363021864663
	0.925151754131494
	1.0
	1.0
	1.0
	1.0
	1.0
	1.0
	1.0
	0.5104800673939387
	1.0
	1.0
	1.0
	1.0
	1.0
	1.0
	1.0
	0.6822664414025953
	1.0
	1.0
	1.0
	1.0
	1.0
	0.8857913865238687
	1.0
	1.0
	1.0
	1.0
	1.0
	1.0
	0.767313761739718
	1.0
	0.885791386523626
	1.0
	0.411880887386988
	1.0
	0.7080749493474019
	1.0
	1.0
	1.0
	1.0
	0.7673137617397714
	1.0
	0.4118808873886133
	1.0
	1.0
	1.0
	1.0
	1.0
	1.0
	1.0
	1.0
	1.0
	1.0
	1.0
	1.0
	1.0
	1.0
	1.0
	1.0
	1.0
	1.0
	1.0
	1.0
	1.0
	1.0
	1.0
	1.0
	1.0
	1.0
	1.0
	0.33798447355119265
	1.0
	1.0
	1.0
	1.0
	1.0
	1.0
	0.7526561602950059
	0.7526561602950059
	1.0
	1.0
	1.0
	1.0
	1.0
	1.0
	1.0
	1.0
	0.6097788869920973
	0.7282565117708493
	1.0
	1.0
	1.0
	1.0
	0.7282565117750259
	1.0
	0.4913012622065053
	1.0
	1.0
	1.0
	0.43206244981448605
	0.9652117613370995
	0.6690176993816233
	1.0
	1.0
	1.0
	1.0
	0.7717431991538053
	1.0
	1.0
	1.0
	1.0
	1.0
	1.0
	1.0
